0 0.336 1.066 3.736 0 0 0 0
1 0.336 1.512 3.736 0 0 0 0
2 0.336 1.066 3.29 0 0 0 0
3 0.336 1.512 3.29 0 0 0 0
4 0.336 1.066 2.844 0 0 0 0
5 0.336 1.512 2.844 0 0 0 0
6 0.336 1.066 2.398 0 0 0 0
7 0.336 1.512 2.398 0 0 0 0
8 0.336 1.066 1.952 0 0 0 0
9 0.336 1.512 1.952 0 0 0 0
10 0.336 1.958 3.736 0 0 0 0
11 0.336 2.404 3.736 0 0 0 0
12 0.336 1.958 3.29 0 0 0 0
13 0.336 2.404 3.29 0 0 0 0
14 0.336 1.958 2.844 0 0 0 0
15 0.336 2.404 2.844 0 0 0 0
16 0.336 1.958 2.398 0 0 0 0
17 0.336 2.404 2.398 0 0 0 0
18 0.336 1.958 1.952 0 0 0 0
19 0.336 2.404 1.952 0 0 0 0
38 0.336 0.168 3.736 0 0 0 0
27 0.336 0.168 2.844 0 0 0 0
34 0.336 0.168 1.952 0 0 0 0
35 0.336 1.066 1.06 0 0 0 0
33 0.336 1.952 1.06 0 0 0 0
39 0.336 2.844 1.06 0 0 0 0
37 0.336 0.614 0.168 0 0 0 0
31 0.336 1.506 0.168 0 0 0 0
29 0.336 2.398 0.168 0 0 0 0
